accepted.wav,0,443686,1754036148
analyze.wav,0,107042,1754036148
beep.wav,0,77326,1754036148
boot.wav,0,607734,1754036144
charging.wav,0,3352932,1754036144
click (2).wav,0,10558,1754036148
click.wav,0,354182,1754036144
close (2).wav,0,33588,1754036148
close.wav,0,134952,1754036146
confuse (2).wav,0,259360,1754036148
confuse.wav,0,1346858,1754036146
count.wav,0,1988988,1754036148
countdown.wav,0,1190212,1754036146
danger.wav,0,245526,1754036146
drop (2).wav,0,132648,1754036146
drop (3).wav,0,134952,1754036146
drop (4).wav,0,134952,1754036146
drop (5).wav,0,137256,1754036146
drop (6).wav,0,139560,1754036146
drop (7).wav,0,137256,1754036146
drop.wav,0,139562,1754036146
error (2).wav,0,221682,1754036148
error (3).wav,0,266290,1754036148
error (4).wav,0,107294,1754036148
error (5).wav,0,107294,1754036146
error (6).wav,0,22060,1754036146
error.wav,0,156998,1754036144
fall (2).wav,0,134952,1754036146
fall (3).wav,0,187940,1754036148
fall.wav,0,2503464,1754036144
fatal.wav,0,1154840,1754036148
gameover.wav,0,194860,1754036144
hit.wav,0,145360,1754036148
message.wav,0,190248,1754036146
reboot.wav,0,134952,1754036146
screenshot.wav,0,243232,1754036144
secure.wav,0,134340,1754036148
sky.wav,0,1305376,1754036146
update.wav,0,398254,1754036144
videorecord.wav,0,178722,1754036146
vreccomplete.wav,0,155682,1754036146
.index,0,0,1754046666
siren.wav,0,785408,1754046696
